#fitness1_num_gen=150_sol_per_pop=100 
# solution=[354.07455633 197.19838884 294.90787712 210.01108934 217.10103098
 268.70028201 324.0426344  199.09429117]
# solution_fitness=0.1696355476931173
fitness_history
1.099806097217086720e-01
1.101620199772424258e-01
1.141458416700835699e-01
1.180780959153675674e-01
1.206130818364847812e-01
1.248272062096432711e-01
1.506366376534729046e-01
1.675755184749035120e-01
1.691660878395502277e-01
1.692658495886069925e-01
1.692658495886069925e-01
1.692658495886069925e-01
1.692658495886069925e-01
1.692658495886069925e-01
1.692658495886069925e-01
1.692915773798349122e-01
1.693083427251862727e-01
1.693083427251862727e-01
1.693083427251862727e-01
1.693083427251862727e-01
1.693083427251862727e-01
1.693083427251862727e-01
1.693083427251862727e-01
1.693083427251862727e-01
1.693083427251862727e-01
1.693083427251862727e-01
1.693083427251862727e-01
1.693124556764848132e-01
1.693124556764848132e-01
1.693124556764848132e-01
1.693124556764848132e-01
1.693124556764848132e-01
1.693124556764848132e-01
1.693307509938805633e-01
1.693307509938805633e-01
1.693307509938805633e-01
1.693307509938805633e-01
1.693319448348313272e-01
1.693319448348313272e-01
1.693775932183046173e-01
1.693775932183046173e-01
1.693775932183046173e-01
1.693775932183046173e-01
1.693775932183046173e-01
1.693775932183046173e-01
1.693775932183046173e-01
1.693775932183046173e-01
1.693775932183046173e-01
1.693775932183046173e-01
1.693775932183046173e-01
1.693775932183046173e-01
1.693775932183046173e-01
1.693775932183046173e-01
1.693775932183046173e-01
1.693775932183046173e-01
1.693775932183046173e-01
1.693775932183046173e-01
1.693775932183046173e-01
1.693775932183046173e-01
1.693775932183046173e-01
1.693775932183046173e-01
1.693775932183046173e-01
1.693775932183046173e-01
1.693775932183046173e-01
1.693775932183046173e-01
1.693775932183046173e-01
1.693775932183046173e-01
1.693837894961767732e-01
1.693837894961767732e-01
1.693837894961767732e-01
1.693837894961767732e-01
1.693837894961767732e-01
1.693837894961767732e-01
1.693837894961767732e-01
1.693837894961767732e-01
1.693903391682143045e-01
1.694100111990035074e-01
1.694100111990035074e-01
1.694100111990035074e-01
1.694100111990035074e-01
1.694284961804513878e-01
1.694284961804513878e-01
1.694284961804513878e-01
1.694394288127950843e-01
1.694411423257938254e-01
1.694411423257938254e-01
1.694411423257938254e-01
1.694411423257938254e-01
1.694411423257938254e-01
1.694411423257938254e-01
1.694787283690931401e-01
1.694969744635057007e-01
1.694969744635057007e-01
1.694969744635057007e-01
1.695217317969895388e-01
1.695217317969895388e-01
1.695217317969895388e-01
1.695217317969895388e-01
1.695217317969895388e-01
1.695478894463160469e-01
1.695478894463160469e-01
1.695478894463160469e-01
1.695478894463160469e-01
1.695478894463160469e-01
1.695478894463160469e-01
1.695478894463160469e-01
1.695478894463160469e-01
1.695478894463160469e-01
1.695478894463160469e-01
1.695478894463160469e-01
1.695478894463160469e-01
1.695478894463160469e-01
1.695478894463160469e-01
1.695478894463160469e-01
1.695478894463160469e-01
1.695478894463160469e-01
1.695478894463160469e-01
1.695478894463160469e-01
1.695478894463160469e-01
1.695478894463160469e-01
1.695478894463160469e-01
1.695478894463160469e-01
1.695478894463160469e-01
1.695478894463160469e-01
1.695478894463160469e-01
1.695478894463160469e-01
1.695478894463160469e-01
1.695478894463160469e-01
1.695604923795606678e-01
1.695604923795606678e-01
1.695786908568364115e-01
1.695786908568364115e-01
1.695786908568364115e-01
1.695786908568364115e-01
1.695786908568364115e-01
1.695786908568364115e-01
1.695786908568364115e-01
1.695786908568364115e-01
1.696279224472002634e-01
1.696279224472002634e-01
1.696279224472002634e-01
1.696279224472002634e-01
1.696279224472002634e-01
1.696279224472002634e-01
1.696279224472002634e-01
1.696355476931173112e-01
1.696355476931173112e-01
1.696355476931173112e-01
1.696355476931173112e-01
1.696355476931173112e-01
1.696355476931173112e-01
