#fitness2_num_gen=150_sol_per_pop=100 
# solution=[433.34877692 306.52134829 289.53007973 191.5784359  472.57744198
 220.99444843 273.48354261 486.8242741 ]
# solution_fitness=0.08756400754256005
fitness_history
7.533038294896349241e-02
7.535701590284241136e-02
7.546971646693470537e-02
7.553464249504811268e-02
7.557168418622607631e-02
7.560684676178205943e-02
7.567448845930462020e-02
7.575112974736541993e-02
7.578874952023742506e-02
7.585704542244439685e-02
7.594953338916449193e-02
7.609838423855122547e-02
7.617559799620579608e-02
7.625769105833835049e-02
7.633368896628654754e-02
7.637019807455962261e-02
7.641261469418597629e-02
7.651920221105051878e-02
7.663740295591482676e-02
7.667536038676973920e-02
7.676868938499792350e-02
7.683778876768457278e-02
7.696050213928667949e-02
7.699568962023302376e-02
7.711145733150687187e-02
7.713657713171072350e-02
7.723411852801784216e-02
7.729188078285717522e-02
7.735371554757235202e-02
7.748637324617636823e-02
7.751443220709315629e-02
7.756341638668630412e-02
7.762337146611915373e-02
7.771310579523357798e-02
7.781156858329428549e-02
7.790531515584772637e-02
7.801301061395010672e-02
7.808619347186233906e-02
7.816507476963524548e-02
7.827119872327169270e-02
7.837047959742719783e-02
7.839890525166091917e-02
7.848829248864756802e-02
7.855354892999898142e-02
7.863452058895963048e-02
7.872546872091627790e-02
7.880335664082109559e-02
7.891314723776662876e-02
7.898050139267438763e-02
7.908949413511678905e-02
7.920647267742865483e-02
7.924207908789716870e-02
7.927463708390060371e-02
7.932613483101311203e-02
7.940618566129235834e-02
7.944985516331930231e-02
7.951923799903846957e-02
7.960008708963552115e-02
7.965789206524498400e-02
7.972824135654182909e-02
7.981016377380228954e-02
7.984196192230566536e-02
7.990287605859171249e-02
8.000551495229747678e-02
8.007809190182582637e-02
8.022018772074882009e-02
8.025102165154474054e-02
8.036303728707358540e-02
8.046749163057750898e-02
8.057435038178813180e-02
8.061983462722296934e-02
8.075494465597381211e-02
8.082942606353636650e-02
8.092094328998138131e-02
8.110160777644012664e-02
8.114901119176463895e-02
8.126081015550407072e-02
8.133810031880452096e-02
8.143363243681292496e-02
8.155975376194357640e-02
8.162463619305826423e-02
8.173641362806788324e-02
8.178997401248400134e-02
8.182200720398510874e-02
8.190314667891787637e-02
8.201581171830997496e-02
8.205427401475028082e-02
8.213194215174222934e-02
8.221858911419936689e-02
8.229128272167386682e-02
8.238109042574569274e-02
8.252718131429576109e-02
8.256899484675149503e-02
8.264258123373662002e-02
8.271543239164312611e-02
8.277676652815056657e-02
8.284033993583307665e-02
8.293004930483825754e-02
8.311187840980553687e-02
8.318069734864358411e-02
8.324839811377796051e-02
8.339338620352092224e-02
8.341986609000594244e-02
8.355761814796196230e-02
8.364788782948741341e-02
8.374049651728156241e-02
8.380975174830911090e-02
8.391151190008616645e-02
8.401783191766666603e-02
8.413395363674125438e-02
8.430472077331409297e-02
8.432162231367670846e-02
8.438306274756182668e-02
8.444175218617500089e-02
8.449833127382322395e-02
8.456869719125843787e-02
8.461662635040900771e-02
8.467532281648409986e-02
8.477549733812428379e-02
8.491669943146884503e-02
8.506050610702796388e-02
8.510301113029583586e-02
8.521905480287844670e-02
8.530145730763601108e-02
8.543494249279313946e-02
8.562857717789075507e-02
8.568071748521655095e-02
8.581611064154492929e-02
8.590063698126401692e-02
8.600011149645628294e-02
8.604014121743955301e-02
8.611610834837102324e-02
8.616651402713615404e-02
8.622585702554388942e-02
8.626783380353363062e-02
8.635426793820015490e-02
8.640101771998923152e-02
8.647382203840363324e-02
8.656508219740807752e-02
8.665119305340528155e-02
8.674701513067177572e-02
8.683487536116109295e-02
8.697104690254102433e-02
8.706706689995853676e-02
8.713551774446116893e-02
8.720681197590081368e-02
8.726501037079451017e-02
8.733529307015645837e-02
8.744005077455112296e-02
8.747491093423806485e-02
8.756400754256005170e-02
