#fitness1_num_gen=30_sol_per_pop=10 
# solution=[300.01138528 436.45952152 210.67425474 197.00830461 374.49581736
 291.25727103 291.97634891 407.86482683]
# solution_fitness=0.10651119493533992
fitness_history
3.406619894464945481e-02
3.637496854358650972e-02
9.144978214327367794e-02
9.543302468051879928e-02
9.543302468051879928e-02
9.827865099453808595e-02
9.970268120704299519e-02
1.008735297527278141e-01
1.033485372617024695e-01
1.054507827848522455e-01
1.059039911017275459e-01
1.059039911017275459e-01
1.060741204379067049e-01
1.061583399584866555e-01
1.061583399584866555e-01
1.062131677821535752e-01
1.062131677821535752e-01
1.062131677821535752e-01
1.062741195981927039e-01
1.062741195981927039e-01
1.062741195981927039e-01
1.063143057397197278e-01
1.064052682111193138e-01
1.064052682111193138e-01
1.064052682111193138e-01
1.064820924993761797e-01
1.064999494317559192e-01
1.065111949353399201e-01
1.065111949353399201e-01
1.065111949353399201e-01
1.065111949353399201e-01
