#fitness2_num_gen=30_sol_per_pop=10 
# solution=[522.6741935  205.11179182 427.69756828 628.78883164 535.50685187
 250.17003702 438.37167934 201.54830957]
# solution_fitness=0.06956813773637786
fitness_history
5.177044211958675007e-03
2.984578387480855272e-02
3.035769577175195452e-02
3.070986547818771104e-02
3.130091725831789240e-02
3.185021353085851908e-02
6.406070711993189226e-02
6.406070711993189226e-02
6.593500843615449081e-02
6.709655808615697103e-02
6.711027635901091470e-02
6.740828438466792139e-02
6.876326931778581342e-02
6.884107141796805274e-02
6.922285832129998484e-02
6.927378969365419192e-02
6.930176649321133364e-02
6.934932153495082519e-02
6.937765946322499433e-02
6.942341911717790637e-02
6.942341911717790637e-02
6.943789578615171265e-02
6.945094713782216933e-02
6.951047792203697562e-02
6.951588193517098391e-02
6.951588193517098391e-02
6.954692383562031954e-02
6.954692383562031954e-02
6.955185818712542045e-02
6.955185818712542045e-02
6.956813773637786358e-02
